892420643555336193 8302 37994
892177421306343426 6131 32617
891815181378084864 4060 24560
891689557279858688 8434 41319
891327558926688256 9147 39505
891087950875897856 3039 19854
890971913173991426 2015 11604
890729181411237888 18406 64081
890609185150312448 4178 27261
890240255349198849 7200 31283
890006608113172480 7161 30062
889880896479866881 4859 27265
889665388333682689 9800 47171
889638837579907072 4418 26614
889531135344209921 2194 14817
889278841981685760 5243 24752
888917238123831296 4398 28544
888804989199671297 4184 25069
888554962724278272 3463 19438
888202515573088257 Nan Nan
888078434458587136 3409 21333
887705289381826560 5267 29585
887517139158093824 11410 45363
887473957103951883 17746 67666
887343217045368832 10163 33015
887101392804085760 5823 29981
886983233522544640 7592 34457
886736880519319552 3204 11826
886680336477933568 4358 21998
886366144734445568 3126 20787
886267009285017600 4 116
886258384151887873 6141 27455
886054160059072513 105 0
885984800019947520 6614 32007
885528943205470208 6279 35281
885518971528720385 3672 20030
885311592912609280 18129 0
885167619883638784 4284 21494
884925521741709313 17838 75848
884876753390489601 5477 27383
884562892145688576 4584 23821
884441805382717440 5529 26470
884247878851493888 20037 71591
884162670584377345 2920 19952
883838122936631299 3373 21480
883482846933004288 9704 45029
883360690899218434 3618 22248
883117836046086144 6516 36438
882992080364220416 3835 23493
882762694511734784 4798 27744
882627270321602560 5941 27391
882268110199369728 11335 44060
882045870035918850 4855 28790
881906580714921986 3316 23842
881666595344535552 10436 49606
881633300179243008 7 124
881536004380872706 15602 48468
881268444196462592 5066 22641
880935762899988482 2724 16692
880872448815771648 3738 20860
880465832366813184 6138 27983
880221127280381952 4123 26521
880095782870896641 4259 27095
879862464715927552 3420 21913
879674319642796034 10 305
879492040517615616 3111 22980
879415818425184262 43292 103835
879376492567855104 3050 16473
879130579576475649 6682 0
879050749262655488 4619 22116
879008229531029506 2641 18620
878776093423087618 4047 19035
878604707211726852 7056 29679
878404777348136964 1263 0
878316110768087041 6522 0
878281511006478336 1263 7597
878057613040115712 6682 41250
877736472329191424 18702 78210
877611172832227328 79 0
877556246731214848 3734 22311
877316821321428993 5082 26889
877201837425926144 5475 26630
876838120628539392 3273 20327
876537666061221889 4555 23096
876484053909872640 2356 18429
876120275196170240 4599 27428
875747767867523072 4214 24761
875144289856114688 4841 21554
875097192612077568 5949 26932
875021211251597312 4640 25028
874680097055178752 4559 27346
874434818259525634 14469 0
874296783580663808 4035 25616
874057562936811520 3897 22293
874012996292530176 10241 34007
873697596434513921 Nan Nan
873580283840344065 3883 23817
873337748698140672 1564 0
873213775632977920 1564 7120
872967104147763200 5339 26924
872820683541237760 3641 14492
872668790621863937 Nan Nan
872620804844003328 3643 20488
872486979161796608 8917 40077
872261713294495745 6247 33716
872122724285648897 8031 33928
871879754684805121 11035 37422
871762521631449091 3441 19994
871515927908634625 3422 19941
871166179821445120 5648 0
871102520638267392 5460 20664
871032628920680449 3782 22396
870804317367881728 6156 33227
870726314365509632 3 118
870656317836468226 2625 12274
870374049280663552 26034 81823
870308999962521604 4126 21600
870063196459192321 8299 36285
869988702071779329 Nan Nan
869772420881756160 9973 41988
869702957897576449 6315 27963
869596645499047938 3123 15826
869227993411051520 3770 20270
868880397819494401 14428 65076
868639477480148993 2095 0
868622495443632128 5284 26538
868552278524837888 2095 10055
867900495410671616 4175 24029
867774946302451713 7334 33753
867421006826221569 2504 16018
867072653475098625 121 0
867051520902168576 7868 32069
866816280283807744 Nan Nan
866720684873056260 4818 19981
866686824827068416 3484 19240
866450705531457537 35356 121767
866334964761202691 14469 52358
866094527597207552 8393 0
865718153858494464 5638 25560
865359393868664832 5023 26407
865006731092295680 7721 27930
864873206498414592 8741 32235
864279568663928832 3050 14608
864197398364647424 8983 30130
863907417377173506 4169 20605
863553081350529029 4210 15301
863471782782697472 2468 0
863432100342583297 5291 23829
863427515083354112 97 2269
863079547188785154 1113 8774
863062471531167744 2468 8533
862831371563274240 5142 19189
862722525377298433 3555 17084
862457590147678208 5004 20572
862096992088072192 23533 74636
861769973181624320 Nan Nan
861383897657036800 10830 36201
861288531465048066 4201 17254
861005113778896900 3839 16764
860981674716409858 2185 0
860924035999428608 834 0
860563773140209665 2185 7544
860524505164394496 5355 23738
860276583193509888 3519 18386
860184849394610176 5933 16758
860177593139703809 31334 0
859924526012018688 4149 19647
859851578198683649 3563 15499
859607811541651456 1601 18709
859196978902773760 30700 90436
859074603037188101 13854 34091
858860390427611136 8300 0
858843525470990336 3541 15652
858471635011153920 4936 21678
858107933456039936 2967 15860
857989990357356544 2635 16275
857746408056729600 10860 34594
857393404942143489 1684 5967
857263160327368704 4617 20218
857214891891077121 18 230
857062103051644929 176 0
857029823797047296 4104 19148
856602993587888130 10946 0
856543823941562368 2952 16451
856526610513747968 1933 11988
856330835276025856 699 0
856288084350160898 17 525
856282028240666624 6492 28087
855862651834028034 28 348
855860136149123072 1057 5106
855857698524602368 2169 12012
855851453814013952 18220 46086
855818117272018944 5590 27004
855459453768019968 8454 30376
855245323840757760 6166 0
855138241867124737 47 0
854732716440526848 6306 23227
854482394044301312 7097 29824
854365224396361728 4854 19249
854120357044912130 7743 32568
854010172552949760 3266 16519
853760880890318849 5996 29169
853639147608842240 10526 35578
853299958564483072 3708 15865
852936405516943360 2087 0
852912242202992640 1912 9267
852672615818899456 2246 15273
852553447878664193 3659 16748
852311364735569921 10291 33920
852226086759018497 7087 20500
852189679701164033 1657 11756
851953902622658560 10040 0
851861385021730816 23 0
851591660324737024 3622 16629
851464819735769094 7401 24908
851224888060895234 5974 21257
850753642995093505 9697 31862
850380195714523136 2740 13433
850333567704068097 350 3535
850145622816686080 4013 16811
850019790995546112 5127 21057
849776966551130114 7974 31379
849668094696017920 5197 0
849412302885593088 3298 16366
849336543269576704 1984 11779
849051919805034497 8941 43802
848690551926992896 4538 26015
848324959059550208 4830 25557
848213670039564288 783 8444
848212111729840128 3227 16861
847978865427394560 3430 0
847971574464610304 449 0
847962785489326080 5369 24303
847842811428974592 1416 5658
847617282490613760 447 7255
847606175596138505 3577 19420
847251039262605312 4525 21171
847157206088847362 6175 20636
847116187444137987 3373 22161
846874817362120707 4139 20777
846514051647705089 12243 46250
846505985330044928 3256 14612
846153765933735936 9583 32845
846139713627017216 10435 32024
846042936437604353 3063 16581
845812042753855489 9236 30384
845677943972139009 5057 26059
845459076796616705 Nan Nan
845397057150107648 1911 7920
845306882940190720 5699 24196
845098359547420673 8102 0
844979544864018432 2731 14137
844973813909606400 3405 15694
844704788403113984 10946 40222
844580511645339650 3328 17125
844223788422217728 2332 14168
843981021012017153 3104 15736
843856843873095681 4912 22271
843604394117681152 2924 17557
843235543001513987 6417 22371
842892208864923648 Nan Nan
842846295480000512 3823 15833
842765311967449089 1355 7015
842535590457499648 3723 18832
842163532590374912 6166 25469
842115215311396866 3222 14588
841833993020538882 16299 0
841680585030541313 8245 26714
841439858740625411 3910 13151
841320156043304961 5791 20607
841314665196081154 4993 16505
841077006473256960 5648 23842
840761248237133825 1868 0
840728873075638272 17211 0
840698636975636481 2 186
840696689258311684 1043 12820
840632337062862849 1868 9359
840370681858686976 4845 17177
840268004936019968 6113 20125
839990271299457024 2446 14009
839549326359670784 8300 28752
839290600511926273 154 0
839239871831150596 6979 28430
838952994649550848 4241 20499
838921590096166913 2217 11672
838916489579200512 36 0
838831947270979586 11795 0
838561493054533637 1413 11417
838476387338051585 5138 23610
838201503651401729 10770 0
838150277551247360 354 1755
838085839343206401 0 147
838083903487373313 3374 18434
837820167694528512 8393 35779
837482249356513284 471 4012
837471256429613056 2449 13380
837366284874571778 5664 22117
837110210464448512 2556 16771
837012587749474308 Nan Nan
836989968035819520 2460 13320
836753516572119041 4936 20127
836677758902222849 2375 13210
836648853927522308 585 0
836397794269200385 29596 0
836380477523124226 3174 15433
836260088725786625 4594 22272
836001077879255040 4595 20006
835685285446955009 8725 0
835574547218894849 3881 18656
835536468978302976 1825 0
835309094223372289 22530 0
835297930240217089 3216 17212
835264098648616962 1825 8107
835246439529840640 78 2191
835172783151792128 6150 27400
835152434251116546 3237 23555
834931633769889797 1768 11360
834786237630337024 5890 22230
834574053763584002 2721 14348
834477809192075265 11445 0
834458053273591808 1799 10081
834209720923721728 5130 21623
834167344700198914 3902 16533
834089966724603904 2280 10542
834086379323871233 2380 13711
833863086058651648 2581 14073
833826103416520705 4005 18879
833732339549220864 231 0
833722901757046785 3448 21742
833479644947025920 2215 15597
833124694597443584 5197 21203
832998151111966721 2380 13956
832769181346996225 40 0
832757312314028032 3888 17680
832682457690300417 3155 12476
832645525019123713 559 3069
832636094638288896 2998 16646
832397543355072512 2391 12543
832369877331693569 3430 18037
832273440279240704 2510 11877
832215909146226688 6658 0
832215726631055365 10094 0
832088576586297345 2 70
832040443403784192 10450 0
832032802820481025 4988 18736
831939777352105988 6598 25218
831926988323639298 35 360
831911600680497154 7021 29086
831670449226514432 1950 10986
831650051525054464 2087 7555
831552930092285952 2470 9458
831322785565769729 1645 9691
831315979191906304 1202 6867
831309418084069378 2626 12339
831262627380748289 2208 12540
830956169170665475 1612 8380
830583320585068544 18129 70409
830173239259324417 6146 0
830097400375152640 3238 10342
829878982036299777 5413 0
829861396166877184 2105 12877
829501995190984704 11445 33441
829449946868879360 2191 11023
829374341691346946 10040 36456
829141528400556032 7995 25800
829011960981237760 17513 55824
828801551087042563 3668 0
828770345708580865 6332 26932
828708714936930305 12119 38578
828650029636317184 1456 10005
828409743546925057 1243 6632
828408677031882754 1388 8067
828381636999917570 2408 13306
828376505180889089 1148 7782
828372645993398273 3183 13227
828361771580813312 183 2316
828046555563323392 3091 12399
828011680017821696 2318 10922
827933404142436356 5645 21242
827653905312006145 3245 16247
827600520311402496 1025 7814
827324948884643840 3316 16734
827228250799742977 Nan Nan
827199976799354881 2425 11153
826958653328592898 5413 22782
826848821049180160 11046 38496
826615380357632002 4275 0
826598799820865537 272 5397
826598365270007810 2542 10640
826476773533745153 4537 19461
826240494070030336 2805 14029
826204788643753985 1008 5160
826115272272650244 3400 16539
825876512159186944 2024 11054
825829644528148480 2694 13459
825535076884762624 18608 55042
825147591692263424 4954 19354
825120256414846976 1384 0
825026590719483904 1384 6715
824796380199809024 5955 0
824775126675836928 3811 15842
824663926340194305 1883 10659
824325613288833024 11254 12469
824297048279236611 4196 15929
824025158776213504 641 5048
823939628516474880 2939 11258
823719002937630720 12157 0
823699002998870016 2619 13318
823581115634085888 2868 13802
823333489516937216 27 737
823322678127919110 4357 16667
823269594223824897 10692 0
822975315408461824 3731 18300
822872901745569793 47592 140145
822859134160621569 2484 14010
822647212903690241 6957 0
822610361945911296 3227 15650
822489057087389700 6957 19240
822462944365645825 15906 30148
822244816520155136 10692 37097
822163064745328640 5219 0
821886076407029760 2543 12026
821813639212650496 3630 0
821765923262631936 1810 8922
821522889702862852 1929 8505
821421320206483457 6076 0
821407182352777218 4720 12478
821153421864615936 10 268
821149554670182400 2190 9244
821107785811234820 2313 10163
821044531881721856 2491 13443
820837357901512704 7288 0
820749716845686786 10770 33466
820690176645140481 3500 12942
820494788566847489 614 0
820446719150292993 2812 0
820314633777061888 614 3537
820078625395449857 6841 21028
820013781606658049 1287 0
819952236453363712 1287 5647
819924195358416896 5264 13649
819711362133872643 3404 14279
819588359383371776 2142 10153
819347104292290561 1314 7661
819238181065359361 440 2423
819227688460238848 7288 24507
819015337530290176 39989 0
819015331746349057 20605 0
819006400881917954 20605 47973
819004803107983360 39989 92031
818646164899774465 22722 0
818627210458333184 8110 23569
818614493328580609 2813 10478
818588835076603904 6686 0
818536468981415936 2698 11587
818307523543449600 8854 0
818259473185828864 2488 11721
818145370475810820 2830 13060
817908911860748288 859 5144
817827839487737858 29596 55086
817777686764523521 2913 11373
817536400337801217 3304 12542
817502432452313088 3698 0
817423860136083457 16299 36338
817415592588222464 1049 5971
817181837579653120 9268 0
817171292965273600 2194 9277
817120970343411712 2858 12942
817056546584727552 1802 9112
816829038950027264 5143 0
816816676327063552 2217 10633
816697700272001025 2407 10425
816450570814898180 8854 32521
816336735214911488 2134 9145
816091915477250048 2355 9490
816062466425819140 1135 0
816014286006976512 5797 0
815990720817401858 1135 5318
815966073409433600 9268 23868
815745968457060357 4509 0
815736392542261248 2481 10468
815639385530101762 1794 8745
815390420867969024 4159 11024
814986499976527872 1410 8135
814638523311648768 2958 12003
814578408554463233 6332 0
814530161257443328 2028 9221
814153002265309185 9472 30649
813944609378369540 3486 0
813910438903693312 2055 9900
813812741911748608 15302 38733
813800681631023104 1918 8888
813217897535406080 7976 19895
813202720496779264 1962 9788
813187593374461952 4780 21127
813172488309972993 2089 9935
813157409116065792 2422 8265
813142292504645637 2575 8978
813130366689148928 485 4759
813127251579564032 3415 12634
813112105746448384 3012 11001
813096984823349248 3934 11224
813081950185472002 3028 10527
813066809284972545 2125 8486
813051746834595840 8013 22346
812781120811126785 2089 8084
812747805718642688 Nan Nan
812709060537683968 1562 7059
812503143955202048 1331 6479
812466873996607488 2107 8513
812372279581671427 4011 14606
811985624773361665 1537 7743
811744202451197953 1756 8048
811647686436880384 811 5941
811627233043480576 3414 13629
811386762094317568 6992 22297
810984652412424192 1567 5682
810896069567610880 1956 9653
810657578271330305 2897 11696
810284430598270976 12460 37795
810254108431155201 3668 15661
809920764300447744 4275 16529
809808892968534016 5361 0
809448704142938112 1605 7390
809220051211603969 6146 21263
809084759137812480 3836 14096
808838249661788160 3327 10781
808733504066486276 2373 8442
808501579447930884 2853 12032
808344865868283904 22722 45350
808134635716833280 6513 0
808106460588765185 2401 9327
808001312164028416 3870 13426
807621403335917568 4025 15555
807106840509214720 60846 126814
807059379405148160 8023 0
807010152071229440 4192 13934
806629075125202948 38148 80238
806620845233815552 6041 0
806576416489959424 2103 5174
806542213899489280 2589 10911
806242860592926720 12777 0
806219024703037440 1306 6863
805958939288408065 5889 0
805932879469572096 2092 8840
805826884734976000 2007 7032
805823200554876929 8808 0
805520635690676224 1801 6128
805487436403003392 2775 9362
805207613751304193 1865 8331
804738756058218496 4215 14658
804475857670639616 2203 6561
804413760345620481 3529 0
804026241225523202 17781 47682
803773340896923648 3038 10728
803692223237865472 8152 0
803638050916102144 4524 11730
803380650405482500 2032 8290
803321560782307329 5824 0
803276597545603072 2701 10724
802952499103731712 2201 9656
802624713319034886 3204 0
802600418706604034 1614 7605
802572683846291456 2737 9546
802323869084381190 6382 17356
802265048156610565 1497 7054
802247111496568832 Nan Nan
802239329049477120 2854 9694
802185808107208704 291 0
801958328846974976 1871 8246
801854953262350336 258 1880
801538201127157760 2248 8760
801285448605831168 916 6473
801167903437357056 6513 26193
801127390143516673 4353 0
801115127852503040 2288 8630
800859414831898624 106 739
800855607700029440 1782 0
800751577355128832 3039 11222
800513324630806528 3296 14049
800459316964663297 2365 10115
800443802682937345 4727 0
800388270626521089 3078 11916
800188575492947969 4317 0
800141422401830912 2812 16369
800018252395122689 14434 30355
799774291445383169 5132 0
799757965289017345 2372 8990
799422933579902976 2101 8605
799308762079035393 6050 0
799297110730567681 3035 10596
799063482566066176 2699 8637
798933969379225600 4903 14074
798925684722855936 1569 7956
798705661114773508 7227 0
798701998996647937 8551 0
798697898615730177 7136 0
798694562394996736 5438 0
798686750113755136 2540 0
798682547630837760 5171 0
798673117451325440 6067 0
798665375516884993 4262 0
798644042770751489 2030 0
798628517273620480 2154 0
798585098161549313 6256 0
798576900688019456 6414 0
798340744599797760 3680 0
798209839306514432 2803 11095
797971864723324932 3447 12459
797545162159308800 5323 15510
797236660651966464 7264 21361
797165961484890113 29 247
796904159865868288 9720 0
796865951799083009 2088 8203
796759840936919040 3357 12685
796563435802726400 7999 0
796484825502875648 1934 8101
796387464403357696 4570 11762
796177847564038144 15708 0
796149749086875649 15708 34606
796125600683540480 1955 5284
796116448414461957 2656 9731
796080075804475393 2542 9046
796031486298386433 4025 11558
795464331001561088 26122 53267
795400264262053889 3146 10809
795076730285391872 5955 17365
794983741416415232 3690 0
794926597468000259 2525 11001
794355576146903043 11272 0
794332329137291264 2907 10244
794205286408003585 3632 9840
793962221541933056 5361 17994
793845145112371200 2059 9851
793614319594401792 3420 0
793601777308463104 1791 8525
793500921481273345 2607 11436
793286476301799424 10094 26317
793271401113350145 2595 9248
793256262322548741 9149 21392
793241302385262592 3593 11243
793226087023144960 3135 10527
793210959003287553 3083 9555
793195938047070209 6168 16340
793180763617361921 2184 7412
793165685325201412 3046 10056
793150605191548928 1869 6602
793135492858580992 2736 6929
793120401413079041 4285 13574
792913359805018113 4403 15336
792883833364439040 4691 12096
792773781206999040 1840 7852
792394556390137856 4697 14391
792050063153438720 1975 7663
791821351946420224 23032 0
791784077045166082 10550 0
791780927877898241 4172 0
791774931465953280 24356 48308
791672322847637504 3420 12576
791406955684368384 4509 14025
791312159183634433 2785 9400
791026214425268224 4507 0
790987426131050500 2343 10569
790946055508652032 5143 17751
790723298204217344 2536 0
790698755171364864 2089 8758
790581949425475584 7875 22099
790337589677002753 2042 8356
790277117346975746 3486 13413
790227638568808452 3913 0
789986466051088384 2536 9880
789960241177853952 4532 0
789903600034189313 4518 11113
789628658055020548 1950 8030
789599242079838210 2120 7235
789530877013393408 3690 12570
789314372632018944 2522 9208
789280767834746880 5412 0
789268448748703744 2823 9746
789137962068021249 3061 10375
788908386943430656 13552 29292
788765914992902144 11272 29310
788552643979468800 7881 0
788412144018661376 5799 16661
788178268662984705 2313 7729
788150585577050112 1428 6565
788070120937619456 3743 0
788039637453406209 1449 6564
787810552592695296 3345 9272
787717603741622272 3044 10908
787397959788929025 3102 11595
787322443945877504 1909 8322
787111942498508800 7352 0
786963064373534720 8725 28396
786729988674449408 2640 0
786709082849828864 6658 19409
786664955043049472 2795 11382
786595970293370880 3384 10051
786363235746385920 3828 11651
786286427768250368 3124 8504
786233965241827333 5219 16337
786051337297522688 169 1540
786036967502913536 7722 0
785927819176054784 3460 12125
785872687017132033 1992 7127
785639753186217984 2421 8334
785533386513321988 2186 9717
785515384317313025 1370 6509
785264754247995392 1782 7754
785170936622350336 5312 12906
784826020293709826 3529 10818
784517518371221505 2773 9570
784431430411685888 1398 6068
784183165795655680 8808 21462
784057939640352768 12157 31876
783839966405230592 11795 32059
783821107061198850 2134 7845
783695101801398276 3518 11135
783466772167098368 2458 9010
783391753726550016 6006 17986
783347506784731136 6112 0
783334639985389568 12777 31154
783085703974514689 2420 8668
782969140009107456 8023 25714
782747134529531904 1520 7948
782722598790725632 5889 18420
782598640137187329 2042 8282
782305867769217024 6076 17768
782021823840026624 6810 0
781955203444699136 3665 11840
781661882474196992 2956 11122
781655249211752448 1222 4269
781524693396357120 6041 22094
781308096455073793 2774 7587
781251288990355457 2288 8977
781163403222056960 2982 10400
780931614150983680 7999 23056
780858289093574656 2179 7667
780800785462489090 1414 5854
780601303617732608 3630 12869
780543529827336192 1885 6712
780496263422808064 4043 0
780476555013349377 126 0
780459368902959104 1164 5624
780192070812196864 2434 9266
780092040432480260 2507 0
780074436359819264 5431 13039
779834332596887552 7722 20196
779377524342161408 3388 9381
779124354206535695 20046 0
779123168116150273 3967 12555
779056095788752897 4923 15738
778990705243029504 7904 21301
778774459159379968 10861 0
778764940568104960 399 912
778748913645780993 1446 7336
778650543019483137 1624 6136
778624900596654080 1098 4939
778408200802557953 4731 14527
778396591732486144 13322 0
778383385161035776 1205 6214
778286810187399168 3591 11058
778039087836069888 2864 9011
778027034220126208 1762 6970
777953400541634568 3832 0
777885040357281792 1784 6766
777684233540206592 3204 11937
777641927919427584 4623 0
777621514455814149 2708 9319
777189768882946048 4706 15229
776819012571455488 14955 0
776813020089548800 1318 5180
776477788987613185 3036 9403
776249906839351296 9930 0
776218204058357768 17356 31913
776201521193218049 2738 10202
776113305656188928 4727 12483
776088319444877312 165 1942
775898661951791106 17845 0
775842724423557120 2904 12446
775733305207554048 4353 14713
775729183532220416 4967 13733
775364825476165632 3228 7886
775350846108426240 4237 10785
775096608509886464 Nan Nan
775085132600442880 5132 16507
774757898236878852 1922 9075
774639387460112384 1877 7130
774314403806253056 6050 23120
773985732834758656 4207 11391
773922284943896577 1875 6789
773704687002451968 1766 7004
773670353721753600 1404 5641
773547596996571136 6686 23451
773336787167145985 5524 0
773308824254029826 8102 24679
773247561583001600 3487 9990
773191612633579521 4452 10594
772877495989305348 4199 9109
772826264096874500 2527 8478
772615324260794368 3659 0
772581559778025472 1830 6868
772193107915964416 1498 6383
772152991789019136 1212 4007
772117678702071809 797 3983
772114945936949249 511 2879
772102971039580160 1005 4247
771908950375665664 2050 6972
771770456517009408 3680 12723
771500966810099713 2845 8781
771380798096281600 5524 11155
771171053431250945 8191 0
771136648247640064 3181 9725
771102124360998913 1556 6615
771014301343748096 1797 7279
771004394259247104 237 0
770787852854652928 1320 5245
770772759874076672 1530 5497
770743923962707968 Nan Nan
770655142660169732 1886 7764
770414278348247044 2234 6668
770293558247038976 1609 6612
770093767776997377 3289 0
770069151037685760 2492 8045
769940425801170949 10450 33329
769695466921623552 1793 6765
769335591808995329 8320 0
769212283578875904 1853 5716
768970937022709760 7082 15263
768909767477751808 2914 0
768855141948723200 961 4441
768609597686943744 1310 4353
768596291618299904 1380 5313
768554158521745409 6306 0
768473857036525572 3710 14453
768193404517830656 3832 11550
767884188863397888 1517 5032
767754930266464257 5824 16972
767500508068192258 2523 7919
767191397493538821 4115 12987
767122157629476866 3077 10724
766864461642756096 6115 0
766793450729734144 1469 5374
766714921925144576 419 2762
766693177336135680 856 4263
766423258543644672 1727 6370
766313316352462849 2032 7180
766078092750233600 2810 0
766069199026450432 928 4524
766008592277377025 535 3966
765719909049503744 2324 7665
765669560888528897 1317 5498
765395769549590528 3671 27983
765371061932261376 2334 7509
765222098633691136 3659 12297
764857477905154048 1910 6801
764259802650378240 1635 6404
763956972077010945 58 784
763837565564780549 4507 13321
763183847194451968 1588 5710
763167063695355904 3253 0
763103485927849985 2462 7788
762699858130116608 3913 12866
762471784394268675 6989 11928
762464539388485633 4532 10903
762316489655476224 1217 5095
762035686371364864 16851 33835
761976711479193600 2184 5706
761750502866649088 4245 0
761745352076779520 929 4494
761672994376806400 31334 52404
761599872357261312 1267 4364
761371037149827077 19386 0
761334018830917632 1566 5493
761292947749015552 1185 4717
761227390836215808 1678 5616
761004547850530816 3743 11954
760893934457552897 1052 4036
760656994973933572 2078 6976
760641137271070720 1392 5234
760539183865880579 3915 8009
760521673607086080 1509 4468
760290219849637889 12386 28353
760252756032651264 933 4160
760190180481531904 1950 6017
760153949710192640 34 0
759943073749200896 2254 6273
759923798737051648 6115 15505
759846353224826880 2137 7095
759793422261743616 2048 6294
759566828574212096 22762 0
759557299618865152 1264 4961
759447681597108224 2640 8966
759446261539934208 522 1765
759197388317847553 2099 6391
759159934323924993 1250 0
759099523532779520 4498 15332
759047813560868866 2178 6870
758854675097526272 963 3746
758828659922702336 4132 11794
758740312047005698 1729 6050
758474966123810816 1070 4034
758467244762497024 2403 5075
758405701903519748 2080 5493
758355060040593408 1168 3620
758099635764359168 10861 20265
758041019896193024 403 2859
757741869644341248 3503 7268
757729163776290825 8730 0
757725642876129280 1310 4790
757611664640446465 1203 4806
757597904299253760 314 0
757596066325864448 1139 4591
757400162377592832 7366 15974
757393109802180609 1883 6152
757354760399941633 1532 4757
756998049151549440 2136 6615
756939218950160384 2167 7022
756651752796094464 1409 5338
756526248105566208 3890 10969
756303284449767430 1167 4160
756288534030475264 18814 45172
756275833623502848 1637 6780
755955933503782912 3112 7738
755206590534418437 5802 17366
755110668769038337 11933 22379
754874841593970688 8611 0
754856583969079297 2719 7247
754747087846248448 561 2711
754482103782404096 2098 5587
754449512966619136 789 3947
754120377874386944 2516 8262
754011816964026368 Nan Nan
753655901052166144 2338 6160
753420520834629632 3840 8359
753398408988139520 2067 6092
753375668877008896 2507 8035
753298634498793472 6188 0
753294487569522689 1120 3576
753039830821511168 22530 39132
753026973505581056 1050 4104
752932432744185856 7352 13312
752917284578922496 1697 7269
752701944171524096 3111 0
752682090207055872 1725 6298
752660715232722944 1695 4646
752568224206688256 2455 5816
752519690950500352 3705 7767
752334515931054080 1184 4021
752309394570878976 17957 0
752173152931807232 1985 6266
751950017322246144 1000 3235
751937170840121344 1446 5485
751830394383790080 2106 6114
751793661361422336 3129 6181
751598357617971201 3269 8316
751583847268179968 1194 4634
751538714308972544 1358 5301
751456908746354688 1074 3370
751251247299190784 6303 13151
751205363882532864 1967 6638
751132876104687617 1397 5343
750868782890057730 1487 5027
750719632563142656 5412 13895
750506206503038976 1234 4674
750429297815552001 4623 13869
750383411068534784 1222 4788
750381685133418496 30 725
750147208377409536 1035 3262
750132105863102464 1369 3824
750117059602808832 1395 4559
750101899009982464 906 3190
750086836815486976 584 2284
750071704093859840 3585 8272
750056684286914561 959 3303
750041628174217216 664 3339
750026558547456000 843 2850
750011400160841729 974 3411
749996283729883136 869 3195
749981277374128128 2626 5369
749774190421639168 1407 4891
749417653287129088 1782 6402
749403093750648834 583 2758
749395845976588288 3714 9046
749317047558017024 2371 5761
749075273010798592 2221 6052
749064354620928000 1623 5031
749036806121881602 838 3258
748977405889503236 3640 11259
748932637671223296 2419 6137
748705597323898880 1015 2903
748699167502000129 1711 4967
748692773788876800 1422 4451
748575535303884801 2124 6369
748568946752774144 718 2290
748346686624440324 1329 5499
748337862848962560 4407 8078
748324050481647620 819 3884
748307329658011649 761 3846
748220828303695873 8344 14853
747963614829678593 2293 6068
747933425676525569 2726 6948
747885874273214464 1053 3096
747844099428986880 803 2946
747816857231626240 1244 5082
747651430853525504 166 1449
747648653817413632 6250 13529
747600769478692864 588 2432
747594051852075008 1121 3873
747512671126323200 1695 5818
747461612269887489 1099 4046
747439450712596480 2060 5696
747242308580548608 3076 0
747219827526344708 1690 5536
747204161125646336 983 3540
747103485104099331 4261 10048
746906459439529985 316 3020
746872823977771008 2296 6286
746818907684614144 1847 5561
746790600704425984 1697 5113
746757706116112384 4172 10035
746726898085036033 1913 6327
746542875601690625 1994 5279
746521445350707200 1050 0
746507379341139972 1155 4856
746369468511756288 1754 6462
746131877086527488 2352 7244
746056683365994496 868 3716
745789745784041472 1138 4220
745712589599014916 2478 7321
745433870967832576 2705 7430
745422732645535745 2593 8982
745314880350101504 2960 7513
745074613265149952 3767 8212
745057283344719872 2426 7569
744995568523612160 662 3112
744971049620602880 2876 8249
744709971296780288 1665 5851
744334592493166593 2281 7075
744234799360020481 83442 163995
744223424764059648 396 1767
743980027717509120 1158 4351
743895849529389061 1020 3812
743835915802583040 2223 0
743609206067040256 1472 4683
743595368194129920 7014 19312
743545585370791937 995 3682
743510151680958465 3942 8277
743253157753532416 1301 4424
743222593470234624 2028 6474
743210557239623680 1456 4017
742534281772302336 3786 7370
742528092657332225 2126 4630
742465774154047488 4149 7594
742423170473463808 4043 10285
742385895052087300 2118 7119
742161199639494656 1466 4537
742150209887731712 1661 5367
741793263812808706 1606 4775
741743634094141440 2941 8555
741438259667034112 888 3839
741303864243200000 3451 9171
741099773336379392 5908 10489
741067306818797568 3289 9885
740995100998766593 2951 6693
740711788199743490 993 3560
740699697422163968 832 2963
740676976021798912 7227 18981
740373189193256964 14161 36351
740365076218183684 463 2587
740359016048689152 911 3447
740214038584557568 2093 6993
739979191639244800 6306 20861
739932936087216128 1148 4238
739844404073074688 909 3962
739623569819336705 1447 3977
739606147276148736 1761 5612
739544079319588864 22762 41464
739485634323156992 3128 7509
739238157791694849 61786 121158
738891149612572673 6 112
738885046782832640 1215 3934
738883359779196928 863 3480
738537504001953792 1661 5318
738402415918125056 894 3397
738184450748633089 1284 4498
738166403467907072 3615 9193
738156290900254721 697 2642
737826014890496000 1870 5501
737800304142471168 3680 10436
737678689543020544 1416 5261
737445876994609152 4748 10740
737322739594330112 861 3768
737310737551491075 7889 15328
736736130620620800 1842 4498
736392552031657984 7881 18548
736365877722001409 1327 4165
736225175608430592 2938 8485
736010884653420544 3159 8236
735991953473572864 1222 3751
735648611367784448 1169 4181
735635087207878657 2491 6446
735274964362878976 5391 13575
735256018284875776 942 3486
735137028879360001 1029 3262
734912297295085568 548 2851
734787690684657664 6683 13102
734776360183431168 579 2617
734559631394082816 419 1561
733828123016450049 823 3743
733822306246479872 1068 3818
733482008106668032 1008 3280
733460102733135873 1357 4389
733109485275860992 17845 51380
732732193018155009 567 2544
732726085725589504 936 3679
732585889486888962 819 3835
732375214819057664 2681 8439
732005617171337216 5796 15572
731285275100512256 1045 3632
731156023742988288 1349 3997
730924654643314689 2102 6384
730573383004487680 2287 5126
730427201120833536 1106 3610
730211855403241472 1120 3992
730196704625098752 2038 5096
729854734790754305 1196 4208
729838605770891264 408 1776
729823566028484608 1314 4152
729463711119904772 2454 6045
729113531270991872 348 1966
728986383096946689 866 3289
728760639972315136 1810 4864
728751179681943552 718 2887
728653952833728512 1101 3443
728409960103686147 2123 5112
728387165835677696 1015 3820
728046963732717569 1247 4484
728035342121635841 1767 4739
728015554473250816 1161 4264
727685679342333952 671 3049
727644517743104000 1851 6141
727524757080539137 1291 4652
727314416056803329 796 3463
727286334147182592 865 3170
727175381690781696 1459 4034
727155742655025152 1401 3794
726935089318363137 2598 7163
726887082820554753 1595 3994
726828223124897792 1064 3695
726224900189511680 1217 4595
725842289046749185 2810 7347
725786712245440512 1437 4336
725729321944506368 1885 5397
725458796924002305 660 1466
724983749226668032 1378 3864
724771698126512129 679 2468
724405726123311104 1744 5515
724049859469295616 1871 4498
724046343203856385 593 2770
724004602748780546 1668 4355
723912936180330496 1296 4060
723688335806480385 3161 8017
723673163800948736 943 3147
723179728551723008 1985 5507
722974582966214656 1662 4278
722613351520608256 1731 5165
721503162398597120 1981 4843
721001180231503872 652 2632
720785406564900865 814 3241
720775346191278080 716 2579
720415127506415616 1587 4297
720389942216527872 2663 6662
720340705894408192 1033 2984
720059472081784833 1192 4042
720043174954147842 2124 5102
719991154352222208 1848 5023
719704490224398336 1533 4740
719551379208073216 2036 5260
719367763014393856 784 2906
719339463458033665 1323 4589
719332531645071360 1008 3552
718971898235854848 1159 3629
718939241951195136 1867 5453
718631497683582976 8551 19656
718613305783398402 508 2535
718540630683709445 1072 2583
718460005985447936 557 2803
718454725339934721 1595 5061
718246886998687744 529 2008
718234618122661888 1064 4037
717841801130979328 627 2551
717790033953034240 1193 3002
717537687239008257 1945 5983
717428917016076293 480 1674
717421804990701568 890 3272
717047459982213120 2023 6526
717009362452090881 1029 3401
716802964044845056 1247 4455
716791146589110272 1518 6230
716730379797970944 454 1282
716447146686459905 6248 13635
716439118184652801 224 2464
716285507865542656 1150 2889
716080869887381504 2032 6996
715928423106027520 923 3314
715758151270801409 1510 3878
715733265223708672 1787 4859
715704790270025728 599 2904
715696743237730304 1360 4057
715680795826982913 1716 4499
715360349751484417 1666 5687
715342466308784130 721 3154
715220193576927233 692 2513
715200624753819648 1997 5328
715009755312439296 1314 4333
714982300363173890 1094 3910
714962719905021952 4525 7667
714957620017307648 1504 4304
714631576617938945 1062 3398
714606013974974464 979 3775
714485234495041536 1226 2824
714258258790387713 757 3142
714251586676113411 887 3398
714214115368108032 931 2362
714141408463036416 1487 4485
713919462244790272 821 3413
713909862279876608 573 1994
713900603437621249 783 2955
713761197720473600 1457 5084
713411074226274305 1369 4590
713177543487135744 2997 7498
713175907180089344 1540 4639
712809025985978368 7136 19363
712717840512598017 5295 12871
712668654853337088 1286 4324
712438159032893441 1659 5545
712309440758808576 25 255
712097430750289920 1098 3955
712092745624633345 948 3062
712085617388212225 509 3383
712065007010385924 662 2356
711998809858043904 132 0
711968124745228288 2446 8396
711743778164514816 1040 2960
711732680602345472 4369 9259
711694788429553666 19386 34216
711652651650457602 975 4033
711363825979756544 1200 3809
711306686208872448 774 3452
711008018775851008 653 3122
710997087345876993 1471 4744
710844581445812225 735 2658
710833117892898816 570 2801
710658690886586372 597 2403
710609963652087808 2492 4989
710588934686908417 1988 4738
710296729921429505 782 2468
710283270106132480 546 2227
710272297844797440 1332 4723
710269109699739648 1196 2496
710153181850935296 948 3035
710140971284037632 943 2880
710117014656950272 2112 5733
709918798883774466 1129 3108
709901256215666688 105 704
709852847387627521 1267 3658
709566166965075968 1274 3687
709556954897764353 1125 3433
709519240576036864 253 1550
709449600415961088 612 2320
709409458133323776 733 2726
709225125749587968 606 2509
709207347839836162 6195 13135
709198395643068416 677 2517
709179584944730112 713 2098
709158332880297985 447 2125
709042156699303936 1740 4956
708853462201716736 695 1864
708845821941387268 950 3106
708834316713893888 535 1764
708810915978854401 7369 17207
708738143638450176 867 2861
708711088997666817 767 2660
708479650088034305 713 2656
708469915515297792 869 3216
708400866336894977 10743 16707
708356463048204288 1415 3767
708349470027751425 782 2449
708149363256774660 1635 4459
708130923141795840 888 3529
708119489313951744 1039 2795
708109389455101952 575 2013
708026248782585858 2030 4555
707995814724026368 1189 3266
707983188426153984 2 51
707969809498152960 1027 2814
707776935007539200 1005 3426
707741517457260545 649 2605
707738799544082433 2627 4282
707693576495472641 1065 3587
707629649552134146 935 2688
707610948723478529 6810 17702
707420581654872064 733 2372
707411934438625280 632 2386
707387676719185920 1380 3654
707377100785885184 1146 3426
707315916783140866 680 2577
707297311098011648 842 2886
707059547140169728 718 2693
707038192327901184 843 2287
707021089608753152 1451 4244
707014260413456384 631 2404
706904523814649856 8320 15237
706901761596989440 638 2153
706681918348251136 1025 3475
706644897839910912 1160 2693
706593038911545345 666 2247
706538006853918722 1497 3607
706516534877929472 1098 3231
706346369204748288 977 3603
706310011488698368 8476 22358
706291001778950144 496 1774
706265994973601792 976 2856
706169069255446529 2365 4080
706166467411222528 1710 5376
706153300320784384 407 1550
705975130514706432 782 3237
705970349788291072 944 3277
705898680587526145 591 2480
705786532653883392 556 2034
705591895322394625 1221 3309
705475953783398401 978 3087
705442520700944385 1742 4647
705428427625635840 1797 3986
705239209544720384 795 3127
705223444686888960 858 2688
705102439679201280 542 2242
705066031337840642 638 2266
704871453724954624 1178 4452
704859558691414016 581 2353
704847917308362754 1629 5328
704819833553219584 1058 2752
704761120771465216 3076 6921
704499785726889984 1062 3065
704491224099647488 85 796
704480331685040129 1122 3541
704364645503647744 3774 8383
704347321748819968 368 1661
704134088924532736 497 1576
704113298707505153 593 1934
704054845121142784 965 3047
703774238772166656 496 1916
703769065844768768 1205 3435
703631701117943808 730 2708
703611486317502464 1607 4029
703425003149250560 1457 3961
703407252292673536 737 2562
703382836347330562 1201 3664
703356393781329922 409 2001
703268521220972544 579 2053
703079050210877440 3296 7734
703041949650034688 13322 27563
702932127499816960 765 2700
702899151802126337 481 1682
702684942141153280 1149 3365
702671118226825216 598 2298
702598099714314240 3643 12744
702539513671897089 1013 2999
702332542343577600 1655 3337
702321140488925184 1096 3427
702276748847800320 812 2580
702217446468493312 1421 5020
701981390485725185 1053 3603
701952816642965504 1083 3987
701889187134500865 1461 3710
701805642395348998 1800 3587
701601587219795968 484 2182
701570477911896070 989 2943
701545186879471618 651 2779
701214700881756160 5438 12767
700890391244103680 609 2316
700864154249383937 652 2707
700847567345688576 530 2538
700796979434098688 1017 2545
700747788515020802 9930 23870
700518061187723268 851 2758
700505138482569216 603 2383
700462010979500032 1911 4326
700167517596164096 792 2764
700151421916807169 705 2342
700143752053182464 2914 7871
700062718104104960 739 2762
700029284593901568 620 2161
700002074055016451 1428 3460
699801817392291840 1016 3200
699788877217865730 528 2343
699779630832685056 1319 2891
699775878809702401 642 2048
699691744225525762 4884 10711
699446877801091073 2775 6211
699434518667751424 538 2266
699423671849451520 349 1436
699413908797464576 654 2163
699370870310113280 464 1966
699323444782047232 916 3306
699088579889332224 668 2340
699079609774645248 697 2565
699072405256409088 1262 3144
699060279947165696 1920 3950
699036661657767936 1269 2722
698989035503689728 1043 3532
698953797952008193 958 2825
698907974262222848 660 2651
698710712454139905 725 2588
698703483621523456 402 1516
698635131305795584 361 1347
698549713696649216 656 2430
698355670425473025 481 1956
698342080612007937 1006 2364
698262614669991936 2135 4966
698195409219559425 6332 17519
698178924120031232 788 2925
697995514407682048 354 1601
697990423684476929 1375 3439
697943111201378304 728 2506
697881462549430272 1266 3153
697630435728322560 572 1828
697616773278015490 1074 3306
697596423848730625 1339 3167
697575480820686848 530 2135
697516214579523584 1200 2175
697482927769255936 712 2525
697463031882764288 1463 3565
697270446429966336 1978 4889
697259378236399616 1053 3434
697255105972801536 1229 3155
697242256848379904 707 2630
696900204696625153 1087 3335
696894894812565505 714 2443
696886256886657024 1907 5065
696877980375769088 754 2548
696754882863349760 378 1543
696744641916489729 995 2162
696713835009417216 682 2481
696518437233913856 1807 4077
696490539101908992 154 1274
696488710901260288 1095 2656
696405997980676096 1211 3356
696100768806522880 706 2024
695816827381944320 1238 3146
695794761660297217 830 3336
695767669421768709 792 1959
695629776980148225 2227 4777
695446424020918272 1927 4562
695409464418041856 3798 9047
695314793360662529 1558 3802
695095422348574720 655 2759
695074328191332352 1177 2976
695064344191721472 639 1682
695051054296211456 837 2787
694925794720792577 971 2819
694905863685980160 989 2881
694669722378485760 15379 37393
694356675654983680 305 1575
694352839993344000 660 2137
694342028726001664 517 1651
694329668942569472 532 2096
694206574471057408 2158 4374
694183373896572928 987 3082
694001791655137281 1094 3553
693993230313091072 430 1957
693942351086120961 391 1810
693647888581312512 627 2827
693644216740769793 135 1409
693642232151285760 441 2654
693629975228977152 848 2560
693622659251335168 392 1619
693590843962331137 2100 5298
693582294167244802 270 1719
693486665285931008 670 1864
693280720173801472 1315 3520
693267061318012928 866 2501
693262851218264065 533 2337
693231807727280129 778 2998
693155686491000832 3398 8242
693109034023534592 652 1802
693095443459342336 490 1962
692919143163629568 794 2791
692905862751522816 929 2553
692901601640583168 644 1867
692894228850999298 860 2386
692828166163931137 935 3021
692752401762250755 3861 7152
692568918515392513 1634 4554
692535307825213440 1444 3349
692530551048294401 442 1934
692423280028966913 244 1548
692417313023332352 3698 9766
692187005137076224 870 2641
692158366030913536 845 2249
692142790915014657 418 1718
692041934689402880 1354 3558
692017291282812928 1012 2997
691820333922455552 1763 4136
691793053716221953 4468 8486
691756958957883396 1088 3024
691675652215414786 537 2034
691483041324204033 600 2482
691459709405118465 1225 4253
691444869282295808 896 2778
691416866452082688 8152 20208
691321916024623104 702 2691
691096613310316544 941 3094
691090071332753408 358 1791
690989312272396288 3046 6176
690959652130045952 1338 3764
690938899477221376 2114 4315
690932576555528194 1086 3435
690735892932222976 1356 3950
690728923253055490 550 2272
690690673629138944 849 2434
690649993829576704 296 1367
690607260360429569 17 305
690597161306841088 639 2050
690400367696297985 480 1960
690374419777196032 913 3417
690360449368465409 948 2763
690348396616552449 548 1575
690248561355657216 438 1756
690021994562220032 1101 2919
690015576308211712 788 2631
690005060500217858 1794 3840
689999384604450816 396 1495
689993469801164801 482 1532
689977555533848577 475 1432
689905486972461056 737 2543
689877686181715968 1257 3170
689835978131935233 799 2259
689661964914655233 990 3350
689659372465688576 4122 10840
689623661272240129 682 2337
689599056876867584 5892 12172
689557536375177216 490 2143
689517482558820352 1523 3557
689289219123089408 996 2362
689283819090870273 1176 3442
689280876073582592 759 2088
689275259254616065 260 1212
689255633275777024 1153 2679
689154315265683456 1068 3211
689143371370250240 546 2119
688916208532455424 927 2863
688908934925697024 823 2210
688898160958271489 840 2205
688894073864884227 738 2340
688828561667567616 397 1447
688804835492233216 206 1008
688789766343622656 704 2324
688547210804498433 747 2738
688519176466644993 784 2424
688385280030670848 4742 9713
688211956440801280 882 2331
688179443353796608 621 2214
688116655151435777 829 2958
688064179421470721 381 1810
687841446767013888 2692 5728
687826841265172480 1197 2854
687818504314159109 1009 2620
687807801670897665 746 2504
687732144991551489 699 1847
687704180304273409 886 2555
687664829264453632 542 2029
687494652870668288 610 1994
687480748861947905 258 1668
687476254459715584 568 2069
687460506001633280 576 2145
687399393394311168 664 1980
687317306314240000 9720 21027
687312378585812992 2022 4569
687127927494963200 2436 5720
687124485711986689 533 2266
687109925361856513 2625 6085
687102708889812993 1053 2446
687096057537363968 645 2350
686947101016735744 3385 9021
686760001961103360 1465 3681
686749460672679938 1552 3634
686730991906516992 1279 4343
686683045143953408 853 2939
686618349602762752 1451 3864
686606069955735556 580 1984
686394059078897668 723 1828
686386521809772549 935 3408
686377065986265092 599 2323
686358356425093120 724 2304
686286779679375361 1776 4192
686050296934563840 776 2308
686035780142297088 129 1213
686034024800862208 1240 3268
686007916130873345 449 2602
686003207160610816 677 1912
685973236358713344 559 2208
685943807276412928 640 1704
685906723014619143 3103 7872
685681090388975616 134 2129
685667379192414208 609 2451
685663452032069632 1562 3407
685641971164143616 831 3074
685547936038666240 16721 34533
685532292383666176 1228 3184
685325112850124800 4245 9926
685321586178670592 684 2768
685315239903100929 1152 3508
685307451701334016 468 2169
685268753634967552 1283 3241
685198997565345792 707 2440
685169283572338688 1512 4287
684969860808454144 403 2475
684959798585110529 3334 7129
684940049151070208 1114 3366
684926975086034944 497 3665
684914660081053696 1562 3670
684902183876321280 567 1968
684880619965411328 873 2204
684830982659280897 23032 36666
684800227459624960 1061 2837
684594889858887680 3768 9355
684588130326986752 1496 4308
684567543613382656 1310 3153
684538444857667585 1018 2770
684481074559381504 1244 4059
684460069371654144 591 2075
684241637099323392 3525 8532
684225744407494656 227 1294
684222868335505415 1465 4018
684200372118904832 1098 2264
684195085588783105 552 2009
684188786104872960 1252 3644
684177701129875456 718 2109
684147889187209216 1593 3119
684122891630342144 505 2088
684097758874210310 1533 4297
683857920510050305 1190 3981
683852578183077888 373 2014
683849932751646720 1044 2743
683834909291606017 1185 2746
683828599284170753 1130 2928
683773439333797890 1446 3501
683742671509258241 3544 6806
683515932363329536 3111 7710
683498322573824003 1027 3323
683481228088049664 1061 2762
683462770029932544 713 2540
683449695444799489 1718 4078
683391852557561860 2540 7972
683357973142474752 998 3074
683142553609318400 1111 3019
683111407806746624 972 3555
683098815881154561 704 2271
683078886620553216 600 2072
683030066213818368 776 2256
682962037429899265 17796 38680
682808988178739200 193 1857
682788441537560576 1190 2588
682750546109968385 464 1594
682697186228989953 383 1373
682662431982772225 1152 3189
682638830361513985 645 2151
682429480204398592 1244 3590
682406705142087680 1879 7944
682393905736888321 729 2345
682389078323662849 498 1740
682303737705140231 1068 3221
682259524040966145 1292 4364
682242692827447297 1258 3407
682088079302213632 10550 19146
682059653698686977 1797 5194
682047327939461121 1028 3357
682032003584274432 2147 6884
682003177596559360 1637 3293
681981167097122816 1100 2918
681891461017812993 881 2577
681694085539872773 4317 13363
681679526984871937 480 1845
681654059175129088 988 2756
681610798867845120 506 1997
681579835668455424 1387 3709
681523177663676416 6188 14980
681340665377193984 297 1715
681339448655802368 4336 9717
681320187870711809 806 2773
681302363064414209 1951 4119
681297372102656000 1020 3346
681281657291280384 1174 3365
681261549936340994 291 1520
681242418453299201 574 1567
681231109724700672 517 2508
681193455364796417 1587 3882
680970795137544192 710 2541
680959110691590145 2133 4761
680940246314430465 1125 3367
680934982542561280 468 2172
680913438424612864 659 2499
680889648562991104 391 1844
680836378243002368 1419 3619
680805554198020098 706 2262
680801747103793152 879 2475
680798457301471234 1113 2985
680609293079592961 758 2757
680583894916304897 1434 3794
680497766108381184 2034 4428
680494726643068929 513 1793
680473011644985345 796 2664
680440374763077632 537 1516
680221482581123072 306 1518
680206703334408192 1255 2970
680191257256136705 539 2242
680176173301628928 1672 4074
680161097740095489 783 2426
680145970311643136 1861 3785
680130881361686529 1015 2387
680115823365742593 967 2833
680100725817409536 1454 3728
680085611152338944 9517 13373
680070545539371008 934 2691
680055455951884288 Nan Nan
679877062409191424 686 2056
679872969355714560 710 2277
679862121895714818 663 2568
679854723806179328 1311 2993
679844490799091713 812 2480
679828447187857408 14955 37845
679777920601223168 1187 3215
679736210798047232 843 2182
679729593985699840 872 2259
679722016581222400 497 1732
679530280114372609 2204 4972
679527802031484928 769 2762
679511351870550016 1351 3517
679503373272485890 1569 3285
679475951516934144 682 2182
679462823135686656 20046 33091
679405845277462528 1277 2478
679158373988876288 8611 22376
679148763231985668 1098 2884
679132435750195208 1232 3089
679111216690831360 2720 6195
679062614270468097 8730 17775
679047485189439488 723 2347
679001094530465792 1312 2940
678991772295516161 1252 2422
678969228704284672 489 1712
678800283649069056 957 2687
678798276842360832 1260 3620
678774928607469569 977 2914
678767140346941444 1453 3675
678764513869611008 505 1705
678755239630127104 3513 7424
678740035362037760 1803 3913
678708137298427904 2575 5788
678675843183484930 1570 2987
678643457146150913 448 2137
678446151570427904 1663 4160
678424312106393600 2693 5628
678410210315247616 1934 4406
678399652199309312 33705 82269
678396796259975168 444 1656
678389028614488064 445 1944
678380236862578688 964 2536
678341075375947776 569 1796
678334497360859136 275 1351
678278586130948096 6438 11913
678255464182861824 395 1644
678023323247357953 407 2004
678021115718029313 6756 14298
677961670166224897 1785 3547
677918531514703872 433 1400
677895101218201600 2229 5013
677716515794329600 1023 3170
677700003327029250 1529 3518
677698403548192770 336 1273
677687604918272002 892 2573
677673981332312066 1583 3466
677662372920729601 1027 2024
677644091929329666 842 1940
677573743309385728 765 2222
677565715327688705 483 1343
677557565589463040 1229 2532
677547928504967168 3850 7180
677530072887205888 240 1112
677335745548390400 1889 3142
677334615166730240 311 1403
677331501395156992 248 1133
677328882937298944 1580 3766
677314812125323265 567 1699
677301033169788928 433 1284
677269281705472000 742 2068
677228873407442944 1729 3664
677187300187611136 975 2824
676975532580409345 1130 2877
676957860086095872 850 2291
676949632774234114 421 1347
676948236477857792 918 2251
676946864479084545 399 1767
676942428000112642 799 2141
676936541936185344 5171 13138
676916996760600576 1896 3065
676897532954456065 762 2335
676864501615042560 749 2170
676821958043033607 16459 23849
676819651066732545 702 1865
676811746707918848 445 1458
676776431406465024 2107 5163
676617503762681856 1035 2998
676613908052996102 206 1122
676606785097199616 460 1941
676603393314578432 406 1206
676593408224403456 2271 4726
676590572941893632 134 946
676588346097852417 842 2404
676582956622721024 293 1246
676575501977128964 1182 2677
676533798876651520 586 1940
676496375194980353 562 1567
676470639084101634 4912 11984
676440007570247681 696 1777
676430933382295552 362 1442
676263575653122048 578 2142
676237365392908289 308 1263
676219687039057920 32550 77220
676215927814406144 614 1792
676191832485810177 1080 2350
676146341966438401 701 1983
676121918416756736 1217 2216
676101918813499392 1217 2898
676098748976615425 1511 3097
676089483918516224 451 1356
675898130735476737 599 1683
675891555769696257 910 2199
675888385639251968 1004 2449
675878199931371520 1463 4300
675870721063669760 600 1692
675853064436391936 1360 2767
675849018447167488 156 970
675845657354215424 931 2353
675822767435051008 559 1570
675820929667219457 241 1081
675798442703122432 3545 10539
675781562965868544 495 1668
675740360753160193 363 1201
675710890956750848 865 1945
675707330206547968 728 2038
675706639471788032 102 663
675534494439489536 436 1872
675531475945709568 404 1216
675522403582218240 299 1070
675517828909424640 477 1338
675501075957489664 6067 17596
675497103322386432 1357 3230
675489971617296384 624 1340
675483430902214656 1018 1898
675432746517426176 595 1567
675372240448454658 531 1741
675362609739206656 239 1078
675354435921575936 17957 33696
675349384339542016 2356 4016
675334060156301312 1351 2859
675166823650848770 1684 3710
675153376133427200 2729 6444
675149409102012420 1760 3838
675147105808306176 252 967
675146535592706048 328 1226
675145476954566656 943 2192
675135153782571009 514 1328
675113801096802304 816 1998
675111688094527488 264 987
675109292475830276 1181 2871
675047298674663426 342 1088
675015141583413248 1250 2783
675006312288268288 236 1010
675003128568291329 491 1592
674999807681908736 1145 2298
674805413498527744 369 878
674800520222154752 893 3072
674793399141146624 1135 2561
674790488185167872 260 1131
674788554665512960 218 830
674781762103414784 1253 2048
674774481756377088 494 1150
674767892831932416 822 1866
674764817387900928 247 800
674754018082705410 466 1392
674752233200820224 485 1493
674743008475090944 577 1440
674742531037511680 53 502
674739953134403584 410 1138
674737130913071104 96 663
674690135443775488 485 1175
674670581682434048 679 1645
674664755118911488 264 946
674646392044941312 519 1467
674644256330530816 278 1052
674638615994089473 604 1718
674632714662858753 601 1536
674606911342424069 102 957
674468880899788800 2138 6364
674447403907457024 368 1089
674436901579923456 408 1138
674422304705744896 556 1465
674416750885273600 146 699
674410619106390016 482 1227
674394782723014656 595 1528
674372068062928900 322 865
674330906434379776 76 573
674318007229923329 532 1444
674307341513269249 7210 11563
674291837063053312 6112 15032
674271431610523648 754 1597
674269164442398721 232 920
674265582246694913 879 1674
674262580978937856 470 1332
674255168825880576 579 1497
674082852460433408 176 770
674075285688614912 299 997
674063288070742018 2289 6489
674053186244734976 1347 3388
674051556661161984 499 1471
674045139690631169 658 1447
674042553264685056 133 737
674038233588723717 425 1126
674036086168010753 221 863
674024893172875264 1269 1818
674019345211760640 309 1156
674014384960745472 672 1591
674008982932058114 366 1222
673956914389192708 999 1980
673919437611909120 378 1190
673906403526995968 1670 3248
673887867907739649 259 946
673716320723169284 785 3131
673715861853720576 2156 3604
673711475735838725 304 1053
673709992831262724 284 861
673708611235921920 299 1095
673707060090052608 404 1110
673705679337693185 411 1274
673700254269775872 591 1461
673697980713705472 2019 3867
673689733134946305 668 1768
673688752737402881 508 1284
673686845050527744 452 1466
673680198160809984 482 1393
673662677122719744 370 1277
673656262056419329 250 728
673636718965334016 372 1129
673612854080196609 742 1614
673583129559498752 379 1210
673580926094458881 275 849
673576835670777856 577 1409
673363615379013632 313 1042
673359818736984064 690 1480
673355879178194945 600 1513
673352124999274496 551 1683
673350198937153538 220 756
673345638550134785 1318 2568
673343217010679808 278 986
673342308415348736 605 1294
673320132811366400 8191 13688
673317986296586240 266 883
673295268553605120 3253 7640
673270968295534593 380 1080
673240798075449344 752 1439
673213039743795200 872 2288
673148804208660480 649 1721
672997845381865473 740 2001
672995267319328768 307 975
672988786805112832 301 995
672984142909456390 559 1269
672980819271634944 1032 1842
672975131468300288 939 1711
672970152493887488 365 962
672968025906282496 560 1333
672964561327235073 657 1438
672902681409806336 519 1388
672898206762672129 433 914
672884426393653248 852 1577
672877615439593473 380 1048
672834301050937345 585 1331
672828477930868736 505 1269
672640509974827008 330 984
672622327801233409 507 1316
672614745925664768 600 1236
672609152938721280 398 1132
672604026190569472 410 1131
672594978741354496 622 1347
672591762242805761 343 965
672591271085670400 189 742
672538107540070400 376 1046
672523490734551040 176 650
672488522314567680 450 1130
672482722825261057 621 1153
672481316919734272 128 727
672475084225949696 718 1453
672466075045466113 552 1371
672272411274932228 3484 6541
672267570918129665 629 1525
672264251789176834 347 1159
672256522047614977 1595 2849
672254177670729728 761 1451
672248013293752320 627 1745
672245253877968896 162 699
672239279297454080 329 908
672231046314901505 1041 1860
672222792075620352 216 794
672205392827572224 1186 2291
672169685991993344 378 1038
672160042234327040 367 882
672139350159835138 733 1776
672125275208069120 1168 2440
672095186491711488 376 1011
672082170312290304 375 952
672068090318987265 527 1313
671896809300709376 4262 8582
671891728106971137 585 1346
671882082306625538 1409 3510
671879137494245376 700 1442
671874878652489728 573 1262
671866342182637568 514 1135
671855973984772097 458 918
671789708968640512 3577 7147
671768281401958400 540 1212
671763349865160704 948 1712
671744970634719232 790 1363
671743150407421952 237 751
671735591348891648 776 1473
671729906628341761 4464 8616
671561002136281088 7411 12990
671550332464455680 212 929
671547767500775424 611 1367
671544874165002241 1072 2011
671542985629241344 579 1103
671538301157904385 406 939
671536543010570240 420 1195
671533943490011136 591 1032
671528761649688577 265 852
671520732782923777 538 1417
671518598289059840 299 965
671511350426865664 743 1629
671504605491109889 3631 7128
671497587707535361 455 931
671488513339211776 479 1024
671486386088865792 210 584
671485057807351808 236 769
671390180817915904 750 1438
671362598324076544 301 1126
671357843010908160 150 406
671355857343524864 116 485
671347597085433856 439 968
671186162933985280 218 744
671182547775299584 352 1139
671166507850801152 360 888
671163268581498880 1135 1686
671159727754231808 84 379
671154572044468225 225 723
671151324042559489 158 681
671147085991960577 231 684
671141549288370177 671 1181
671138694582165504 414 941
671134062904504320 199 760
671122204919246848 2588 3547
671115716440031232 793 1381
671109016219725825 450 1160
670995969505435648 300 1119
670842764863651840 8948 24909
670840546554966016 198 601
670838202509447168 711 1130
670833812859932673 128 456
670832455012716544 224 746
670826280409919488 4152 5629
670823764196741120 197 790
670822709593571328 99 620
670815497391357952 1575 3210
670811965569282048 275 1145
670807719151067136 501 1172
670804601705242624 981 1995
670803562457407488 88 346
670797304698376195 243 745
670792680469889025 285 841
670789397210615808 246 671
670786190031921152 205 609
670783437142401025 405 833
670782429121134593 792 1586
670780561024270336 296 793
670778058496974848 74 330
670764103623966721 434 1089
670755717859713024 114 448
670733412878163972 524 977
670727704916926465 370 837
670717338665226240 507 1226
670704688707301377 381 775
670691627984359425 249 597
670679630144274432 290 755
670676092097810432 44 252
670668383499735048 5166 10852
670474236058800128 779 1551
670468609693655041 86 358
670465786746662913 564 980
670452855871037440 213 556
670449342516494336 683 1208
670444955656130560 2030 6805
670442337873600512 202 649
670435821946826752 530 1067
670434127938719744 661 1425
670433248821026816 115 332
670428280563085312 648 1404
670427002554466305 167 526
670421925039075328 651 1328
670420569653809152 322 633
670417414769758208 325 575
670411370698022913 922 2050
670408998013820928 231 564
670403879788544000 161 440
670385711116361728 217 568
670374371102445568 277 755
670361874861563904 69 334
670338931251150849 113 431
670319130621435904 1250 3913
670303360680108032 139 434
670290420111441920 293 714
670093938074779648 343 1040
670086499208155136 261 708
670079681849372674 1273 2250
670073503555706880 811 1594
670069087419133954 250 636
670061506722140161 351 777
670055038660800512 339 679
670046952931721218 181 654
670040295598354432 115 767
670037189829525505 285 596
670003130994700288 95 337
669993076832759809 86 329
669972011175813120 167 450
669970042633789440 62 307
669942763794931712 168 515
669926384437997569 107 381
669923323644657664 58 239
669753178989142016 411 827
669749430875258880 67 271
669684865554620416 91 526
669683899023405056 114 395
669682095984410625 136 357
669680153564442624 296 679
669661792646373376 451 817
669625907762618368 1855 3576
669603084620980224 371 957
669597912108789760 154 519
669583744538451968 949 1510
669573570759163904 145 440
669571471778410496 1043 1609
669567591774625800 58 240
669564461267722241 128 392
669393256313184256 79 374
669375718304980992 750 1356
669371483794317312 185 505
669367896104181761 162 472
669363888236994561 235 634
669359674819481600 127 373
669354382627049472 1301 2746
669353438988365824 266 653
669351434509529089 192 445
669328503091937280 425 1026
669327207240699904 119 584
669324657376567296 213 502
669216679721873412 414 1202
669214165781868544 171 444
669203728096960512 490 1013
669037058363662336 321 667
669015743032369152 382 753
669006782128353280 257 586
669000397445533696 6522 21135
668994913074286592 238 447
668992363537309700 355 750
668989615043424256 337 690
668988183816871936 483 905
668986018524233728 172 563
668981893510119424 317 544
668979806671884288 356 805
668975677807423489 595 1327
668967877119254528 25 148
668960084974809088 245 712
668955713004314625 74 284
668932921458302977 59 270
668902994700836864 103 322
668892474547511297 154 400
668872652652679168 307 533
668852170888998912 171 458
668826086256599040 141 441
668815180734689280 278 581
668779399630725120 380 712
668655139528511488 223 541
668645506898350081 548 906
668643542311546881 541 891
668641109086707712 552 1091
668636665813057536 500 1056
668633411083464705 1686 2856
668631377374486528 325 729
668627278264475648 118 323
668625577880875008 138 393
668623201287675904 791 1451
668620235289837568 44 205
668614819948453888 321 620
668587383441514497 1101 1686
668567822092664832 57 248
668544745690562560 232 525
668542336805281792 221 468
668537837512433665 77 255
668528771708952576 232 468
668507509523615744 111 330
668496999348633600 135 420
668484198282485761 241 433
668480044826800133 152 468
668466899341221888 526 893
668297328638447616 304 626
668291999406125056 32 248
668286279830867968 141 510
668274247790391296 235 834
668268907921326080 243 560
668256321989451776 632 1318
668248472370458624 500 1008
668237644992782336 2905 6279
668226093875376128 106 302
668221241640230912 203 515
668204964695683073 200 558
668190681446379520 200 661
668171859951755264 201 498
668154635664932864 323 504
668142349051129856 293 572
668113020489474048 248 672
667937095915278337 807 1279
667924896115245057 113 306
667915453470232577 57 211
667911425562669056 310 494
667902449697558528 381 857
667886921285246976 1112 1905
667885044254572545 498 825
667878741721415682 122 395
667873844930215936 414 631
667866724293877760 1050 3024
667861340749471744 78 244
667832474953625600 63 292
667806454573760512 505 1064
667801013445750784 97 330
667793409583771648 336 705
667782464991965184 247 411
667773195014021121 57 237
667766675769573376 220 443
667728196545200128 152 379
667724302356258817 323 485
667550904950915073 35 0
667550882905632768 33 0
667549055577362432 2319 5833
667546741521195010 126 337
667544320556335104 531 873
667538891197542400 66 205
667534815156183040 549 822
667530908589760512 242 472
667524857454854144 1123 1709
667517642048163840 193 368
667509364010450944 2154 6817
667502640335572993 222 537
667495797102141441 274 521
667491009379606528 232 534
667470559035432960 100 258
667455448082227200 60 192
667453023279554560 91 314
667443425659232256 587 785
667437278097252352 242 451
667435689202614272 84 305
667405339315146752 221 467
667393430834667520 58 197
667369227918143488 166 368
667211855547486208 244 496
667200525029539841 262 617
667192066997374976 109 386
667188689915760640 421 745
667182792070062081 6256 14373
667177989038297088 55 192
667176164155375616 464 611
667174963120574464 84 245
667171260800061440 91 221
667165590075940865 1147 2694
667160273090932737 62 257
667152164079423490 17210 47842
667138269671505920 2222 4609
667119796878725120 128 330
667090893657276420 129 332
667073648344346624 122 402
667070482143944705 14 82
667065535570550784 48 166
667062181243039745 55 217
667044094246576128 51 183
667012601033924608 225 445
666996132027977728 94 244
666983947667116034 986 2547
666837028449972224 554 818
666835007768551424 80 214
666826780179869698 97 254
666817836334096384 251 517
666804364988780544 94 240
666786068205871104 486 759
666781792255496192 194 387
666776908487630848 175 351
666739327293083650 66 236
666701168228331520 219 430
666691418707132416 47 186
666649482315059201 624 1116
666644823164719104 80 230
666454714377183233 208 517
666447344410484738 20 103
666437273139982337 48 124
666435652385423360 53 164
666430724426358785 195 312
666428276349472768 82 164
666421158376562688 111 313
666418789513326592 45 122
666411507551481857 323 437
666407126856765440 40 105
666396247373291520 84 164
666373753744588802 89 185
666362758909284353 562 761
666353288456101888 71 215
666345417576210432 132 288
666337882303524864 90 193
666293911632134144 346 491
666287406224695296 64 144
666273097616637952 76 171
666268910803644416 35 100
666104133288665088 6414 14062
666102155909144576 11 78
666099513787052032 66 151
666094000022159362 72 162
666082916733198337 44 114
666073100786774016 159 316
666071193221509120 59 142
666063827256086533 213 466
666058600524156928 57 109
666057090499244032 139 290
666055525042405380 236 427
666051853826850816 834 1204
666050758794694657 59 130
666049248165822465 42 106
666044226329800704 139 293
666033412701032449 43 123
666029285002620928 47 126
666020888022790149 500 2531
